40.2253944
40.2156167
40.2212444
40.2690583
40.2112389
40.2255944
40.2214861
40.2630944
40.2162639
40.2118056
40.2047167
40.2109556
40.211475
40.2205389
40.1722167
40.1948083
40.1908944
40.2194611
40.2205944
40.2267111
40.2135472
40.2322111
40.2173944
40.227925
40.2154139
40.2154139
40.1778778
40.1774222
40.2282528
40.2189722
40.1970528
40.20105
40.2474806
40.2137611
40.2041222
40.2369639
40.26935
40.2202806
40.2183944
40.1984806
0
40.204925
40.2429528
40.2147111
40.197675
40.1894528
40.233625
40.1822139
40.2302361
40.1857306
40.1839389
40.1942972
40.1948556
40.1843667
40.2010694
40.2030972
40.2016361
40.1974944
40.2017083
40.1958278
40.1833972
40.2482917
40.268575
40.2676917
40.1885056
40.1865778
40.2017806
40.1951722
40.1883333
40.2082
40.1852667
40.1906722
40.251825
40.2018194
40.1917278
40.1892806
40.1926333
40.2683611
40.1997083
40.2564611
40.2469222
40.2056361
40.2208833
40.1951889
40.1828806
40.1990056
40.1840667
40.2047917
40.1958889
40.1986028
40.2061861
40.1895028
40.2849889
40.2467722
40.1931611
40.1830944
40.2047583
40.2115694
40.1903917
40.1835944
40.195525
40.1861444
40.1909889
40.1935056
40.2220833
40.2075056
40.2517028
40.2404306
0
40.1870889
40.173425
40.1823833
40.1911583
40.1975083
40.1736583
40.1919083
40.1959528
40.187375
40.1811194
40.1863972
40.191325
40.1827556
40.1793139
40.1847611
40.21585
40.1781444
40.1891333
40.1807083
40.1793083
40.1837139
40.1721111
40.1764361
40.1816417
40.1802139
40.1815917
40.1902139
40.1867417
40.1878833
40.2110833
40.1909833
40.1769639