28.9002472
28.9424194
28.91235
28.9453389
28.922025
28.9178778
28.9590667
28.9380722
28.9684917
28.9425806
28.980475
28.9628444
28.9969667
28.9687167
28.9213889
28.9834167
28.9382472
28.9185694
28.9004028
28.9852528
28.9751222
28.9743583
28.817975
28.8417528
28.8292083
28.8292083
28.82325
28.9715167
28.96275
28.9837611
28.8066194
28.9637889
28.9411556
28.9938583
28.9973972
28.9104694
28.9106278
28.8718194
28.8692917
28.9487
0
29.0198222
28.9730806
29.0420639
29.0569361
29.0540528
28.9856417
29.0673806
29.0701306
29.0634917
29.0588722
29.0550083
29.0570778
29.0597889
29.017975
29.0164778
29.0197722
29.0055028
29.0233306
29.0398278
29.0609083
29.0895806
29.0976861
29.0808528
29.0710417
29.0534306
29.0052528
29.0117722
29.0649139
29.0182806
29.0696
29.0722361
28.9566528
29.0496694
29.0506361
29.0604056
29.0644556
28.9538056
29.0615694
29.0032583
29.995
29.0802694
29.0056694
29.05
29.0654611
29.0397167
29.0687083
29.0736028
29.0610556
29.0353722
29.0235194
29.0458444
29.9351167
29.9351167
29.0435222
29.0496639
29.0293361
29.0442389
29.0503611
29.0666417
29.0595083
29.0575806
29.0606167
29.0690583
28.9969944
29.0069194
28.9784
29.0099333
0
29.0591972
29.1000111
29.1354806
29.0978333
29.1353056
29.0759278
29.0856139
29.1010778
29.1035917
29.0798056
29.14125
29.1161083
29.0846528
29.1103222
29.0753833
29.0946139
29.0742611
29.0853361
29.0706444
29.1221556
29.1274389
29.08285
29.0637917
29.0739806
29.0770917
29.0988472
29.0822722
29.0780528
29.1588583
29.1029389
29.1108472
29.0881389